Model: rnn
MSE: 0.10651465247010923
RMSE: 0.3263658261370348
R2: 0.8789800972408779
