Model: gru
MSE:  0.1140006016877565
RMSE:  0.33763975134417523
R2: 0.8704747054908214
