Model: lstm
MSE: 0.12115435006668877
RMSE: 0.34807233453219
R2: 0.8623467539545333
